1135734718
75 195 6 5 16 115572 12084 2 0 0 1 1 1 1054 3068 3025 0 3065 1033
Monday, October 28, 2013 1:35:57 AM PDT
1135266385
134 145 3 7 5 81111 7747 1 0 0 1 0 1 3028 3191 3128 0 3255 0
Sunday, October 27, 2013 5:13:41 PM PDT
1135802382
117 32 1 5 14 21303 9497 1 0 0 1 0 0 2043 2045 3190 0 0 3096
Monday, October 28, 2013 4:04:19 AM PDT
1135767657
143 15 0 10 19 19969 8241 0 0 0 1 0 0 2043 2045 3069 0 1001 1033
Monday, October 28, 2013 3:13:43 AM PDT
1135220850
40 20 2 8 0 14160 10735 1 0 0 1 0 0 2043 2045 3190 0 3117 3098
Sunday, October 27, 2013 4:38:21 PM PDT
1134817367
40 21 1 6 15 15773 10671 1 0 0 1 1 1 2043 2045 3190 0 3096 1001
Sunday, October 27, 2013 12:37:50 PM PDT
1135342485
40 9 0 7 9 9704 6840 0 0 0 1 0 0 2043 2045 3096 0 3105 0
Sunday, October 27, 2013 6:28:07 PM PDT
1135432585
40 6 0 5 4 2506 5605 0 0 0 1 0 0 0 2045 3096 0 0 0
Sunday, October 27, 2013 7:54:43 PM PDT
1135761715
40 13 1 5 16 8819 9271 1 0 0 1 0 1 2043 2045 3270 0 3096 0
Monday, October 28, 2013 2:30:14 AM PDT
